129 8
129 15
141 15
142 16
142 33
141 34
139 34
138 33
138 18
137 17
130 17
129 18
129 42
143 42
144 43
144 59
142 61
135 61
135 68
136 69
143 69
144 68
145 69
146 69
147 68
149 68
151 66
151 65
152 64
152 35
153 34
162 34
163 33
167 33
168 34
168 36
167 37
155 37
155 56
167 56
168 57
168 60
167 61
154 61
154 68
191 68
191 67
192 66
209 66
209 11
192 11
192 26
191 27
186 27
185 26
182 26
181 25
189 17
189 16
190 15
190 8
155 8
155 15
167 15
168 16
168 18
167 19
166 18
166 17
155 17
157 19
157 20
162 25
160 27
154 27
153 28
154 29
153 30
153 31
154 32
152 34
151 34
150 33
150 8
