155 9
156 8
189 8
190 9
190 14
189 15
189 16
181 24
181 26
184 26
185 27
192 27
192 12
193 11
208 11
209 12
209 65
208 66
191 66
191 67
190 68
155 68
154 67
154 62
155 61
168 61
168 56
156 56
155 55
155 38
156 37
168 37
168 35
169 34
175 34
176 35
176 37
188 37
189 38
189 55
188 56
176 56
176 61
182 61
182 60
183 59
192 59
192 34
184 34
183 33
179 33
178 32
176 32
175 31
169 31
168 32
167 32
166 33
162 33
161 34
155 34
154 33
154 28
155 27
161 27
162 26
162 24
157 19
157 18
158 17
165 17
166 18
166 19
167 20
169 20
169 18
168 17
168 15
156 15
155 14
